1873	27955
2281	28828
2220	50432
1823	24291
1055	9205
2271	22134
2516	10017
556	17198
2304	3280
1665	16755
749	1530
390	15445
2320	26994
429	45199
1350	8852
2541	22397
1311	21430
1988	16146
1322	2617
2507	30996
1439	32587
12	27639
279	11308
2168	15861
1731	48449
1143	38005
227	61239
2303	34567
1287	26023
1825	20916
2350	15188
1019	10378
611	31398
1436	26148
2133	35696
1180	8378
1497	52560
1697	43934
594	31841
2363	44320
2034	13809
974	51754
1120	2636
2491	61448
1954	22542
1424	63245
256	4794
2521	24468
946	31631
832	22920
589	13321
72	46788
2243	18680
399	42353
1883	50459
2080	44932
2410	14934
1643	36140
2194	27857
994	30542
1082	56576
2315	61923
586	53152
1121	27395
1419	31545
1668	11605
190	17458
360	35232
841	20453
384	16552
512	22804
2381	15073
1312	62663
471	32508
988	3052
72	53620
652	59561
298	13440
1250	41455
1873	10124
1386	56687
2480	41380
2263	10617
1034	18404
863	10116
1020	59336
2381	10145
2012	36713
254	28465
2332	26321
1086	49300
970	21296
1498	8893
1225	12196
2207	40341
1559	1922
362	53278
923	32495
1623	41538
19	20501
1035	12975
95	45920
1521	24786
1597	47893
2121	16718
2461	2995
953	18974
610	21742
119	30824
1117	11131
211	58881
1330	63560
1092	2257
1214	31909
2284	16294
2442	21004
1034	21312
429	25318
464	23614
1787	845
320	19991
744	26006
491	62038
1999	44980
1670	12211
1558	14780
1298	12610
777	50362
1651	2603
2442	63194
2614	21508
1558	27899
397	2300
517	54533
1008	35608
1804	17096
1885	20292
423	52451
902	19657
1755	1694
1662	56859
1959	29124
1283	30066
1384	2319
777	30928
1880	30233
212	202
1797	47120
810	12692
1868	56627
1461	19000
2518	19394
550	15344
475	20578
1092	20495
2520	15100
2201	38349
79	56170
585	38105
1874	27412
2346	54044
1722	18409
1027	24729
1953	15825
1171	13695
1120	30736
732	10963
400	7044
1681	28365
399	43123
803	23930
1849	19456
2476	14264
1197	13170
1290	15497
760	27778
1090	7301
846	6327
993	1302
843	12160
1814	58359
1768	11446
2581	29107
1439	11591
2218	14364
2247	47173
566	11154
1471	6626
1996	25155
430	27129
304	28669
1675	19902
1954	61955
916	3029
1119	32912
1550	30160
1562	28232
1192	61354
2193	51553
1458	1699
1420	12930
879	23897
609	19152
2213	22536
1687	23813
1760	29219
2151	46306
1408	34614
995	50420
1977	22420
234	47739
599	60996
1254	20320
2470	63410
1123	3224
2249	6288
1678	54555
1124	43912
1069	28716
1379	23134
1498	21536
37	16964
2279	25603
1023	13699
1855	58359
1409	14065
1881	11336
2594	17238
1913	12036
1556	54759
1023	175
2518	26664
852	12171
664	31853
99	1097
1077	11905
1073	20073
2482	1698
2566	27721
2357	44705
632	31478
776	16187
1837	26068
1011	51725
1815	10125
1678	58725
1825	25352
601	46964
241	45056
949	19658
1139	20209
2227	30000
2564	11693
1755	22278
2425	17479
1707	25973
1954	32994
2054	17170
1353	12010
2153	2271
2503	1899
1485	61251
1499	17943
1194	49974
862	25591
1676	3153
493	30591
1222	63526
437	53465
862	53652
1212	18328
1707	18262
1439	10458
491	3477
2607	55931
876	15111
123	13593
374	56983
1157	6838
1022	27594
2309	55696
802	63067
1152	14425
1393	23785
1205	23176
1545	33774
1324	51306
2093	7698
1171	33224
1386	59839
1313	44736
375	11375
1356	37563
65	36023
1268	22587
367	21336
2050	25318
1153	15468
919	20607
1921	2179
1707	22838
2320	27481
2070	13873
1996	18810
2146	23913
213	11090
1492	52152
2407	46580
1873	14270
1171	31156
2280	28097
399	25084
1829	11839
1616	47976
1774	31872
2447	21309
1498	3339
1424	47516
1681	48750
1785	55794
1979	852
1379	33455
377	22360
1125	13278
1277	3459
2109	21949
1562	56082
1318	18636
2382	29765
828	38409
1524	5896
856	10738
1588	40015
57	20120
1587	39600
2419	52401
2495	28743
2149	49672
2233	35680
2493	46711
511	2121
1602	16978
2144	2422
1458	20310
1825	24855
2164	42129
1953	35251
859	26191
499	21548
1416	24558
2169	45289
1247	23369
1503	20684
9	48916
1582	13943
2489	12240
1699	26501
1380	28539
944	16179
1331	29339
531	31124
1284	30866
296	56875
354	31370
1852	4615
2037	31181
600	31289
18	41395
949	21146
8	16621
1215	47367
1384	30340
1682	11053
2480	18973
266	32065
1175	11925
1706	28331
521	9732
1842	7560
1673	1605
2223	55569
1798	35965
1439	11770
1824	17031
1436	21547
1068	15106
1481	35364
1912	30077
339	15267
1615	49276
2124	14379
1613	32451
2337	56032
1681	33044
2428	35418
486	62792
1651	60389
1855	51723
230	30507
1589	58001
895	31188
1373	11648
1612	47632
1181	11058
1755	60784
1460	16703
1601	5714
2454	49584
1267	16461
1123	12859
2313	24789
1	63691
2237	14232
1321	26813
1851	29044
851	42884
713	2073
1183	29470
2047	5536
1496	23476
1092	27476
1782	12433
2462	26088
95	26863
1887	32077
269	24369
1332	26813
1454	10370
1368	1114
1479	2187
775	46513
2064	41163
2125	19081
216	14534
798	40895
478	53947
214	61497
1828	18629
443	27184
18	58016
2256	32701
1410	17345
1192	28743
1120	1050
509	13804
955	55924
795	43203
1123	24395
1365	49905
2433	54929
1439	2019
1037	10615
584	15582
1383	53122
1055	12697
924	6775
1534	1958
2601	18153
1350	26155
29	23471
1137	26916
1297	25608
1356	20027
1341	17775
1677	3662
180	1692
2507	31972
1140	63410
1123	17017
831	33086
1254	13518
2398	47856
692	10704
1932	54561
2215	55867
403	2398
601	8265
1525	26333
2376	1826
2559	27362
1541	13512
1982	10337
90	62171
1571	27054
971	11886
2332	1796
1699	59573
1663	47064
1328	55529
956	48551
1918	17229
1236	33289
964	59709
1469	61588
2601	28369
1703	19060
500	31199
2502	2757
2181	16909
1078	29155
1649	12750
101	47765
2202	22255
757	10999
2379	47501
1871	20025
1512	53486
1444	9843
2146	28916
1260	14822
136	16083
1167	27081
2277	11193
732	22732
660	19535
2258	58291
1399	9741
2268	52156
1555	16585
1718	19053
1448	59124
1299	3011
2435	9501
1424	53469
1996	13191
1419	1184
656	1408
1681	20792
2247	34054
1467	38749
498	16262
1903	16068
1298	17629
1185	17317
1981	18476
177	31773
1726	26110
1746	59482
1129	36995
2346	35523
1345	41766
1966	7744
570	47930
1090	52960
2404	11068
959	23058
464	26380
99	51471
921	23617
1177	24429
943	11389
1207	13838
384	6681
2208	52870
1140	11047
2481	64195
1752	53270
1725	12346
2431	33379
1238	18951
99	46435
474	54081
597	25820
236	54263
2483	57739
729	1277
1318	22832
1435	64195
2586	23661
756	12804
1433	2076
225	55769
2094	53637
496	26789
237	20458
1612	49415
1214	13187
573	36374
1256	1506
1178	14415
2502	31576
1152	15099
554	18854
1043	7198
1068	10163
1460	32449
129	29113
1531	30616
857	59965
206	17683
1237	15288
1973	11856
1984	48841
136	20254
453	18765
280	32114
766	2168
1913	16369
846	3537
1865	12319
87	2773
2435	49687
1692	10167
163	12570
2332	55458
1191	27035
171	60990
1008	6080
1532	22399
1580	1739
609	23293
1602	11924
1688	6881
2360	108
2520	62371
1749	41392
2605	9557
2388	24302
400	11181
48	61164
1686	25534
757	49386
2356	22097
570	22490
691	28435
379	19882
2271	10769
2608	28440
1424	43777
630	26732
110	36491
2119	40502
571	39034
646	43215
1773	22911
1105	22885
2246	5444
1906	40385
1424	14217
1524	10682
1448	12368
2374	10586
434	28108
1953	57519
69	7822
2424	21743
1409	47623
585	63584
19	25978
948	3696
258	25094
657	22340
2279	23749
1963	41543
1424	28751
880	6515
968	2891
2269	2202
391	16055
578	35609
56	13782
1058	30228
2187	64008
1480	45262
1082	25283
1656	45351
171	1241
86	48634
1884	53983
584	43284
1970	29564
2030	18418
2497	10451
532	3765
1651	18695
674	31393
1660	39229
2538	13096
2295	33577
1330	54210
1515	35132
304	17108
1342	10867
1662	31411
994	8056
2615	57559
2386	13435
240	63577
2101	26860
750	14753
1311	25091
1321	16132
695	60419
1818	50298
607	1055
2604	45177
1630	29036
1855	56428
617	39976
1491	2161
352	17040
1567	22729
68	16374
1832	34002
1100	18922
1055	14
333	59763
1327	26844
1382	15190
424	5194
1912	25016
2008	13741
112	16346
274	13907
2478	59778
1534	21565
2397	20199
349	17974
1747	17986
1314	60603
1912	22010
1142	1521
33	55553
1545	34956
1264	293
405	7720
497	18140
1176	50378
119	23195
2390	22990
2411	3595
1154	18542
1205	35556
161	22806
784	54977
2220	58174
1498	23318
1462	62984
2334	14858
91	23737
926	27289
1894	37091
1688	52317
2575	33075
2171	25335
1628	28756
998	56172
493	23657
381	23013
1391	11384
791	6795
1226	2655
403	61321
1281	43793
2340	2128
584	29840
2126	62929
1735	15289
2560	2887
781	1461
801	20029
1088	50321
442	30128
1537	56693
942	10963
1834	5869
1269	24021
1423	2195
1902	40825
198	44003
1546	2326
791	2569
1280	21224
1107	16996
1100	62229
256	34093
2184	59998
1954	1903
118	63910
1774	27401
495	39799
1249	8398
936	26901
307	2509
1254	17625
2614	24194
1510	23877
754	31572
1233	23180
1932	50737
775	25702
1454	7905
95	20258
1912	30105
1110	35462
2107	10139
792	17599
589	10611
1111	17855
788	28789
1392	37809
1235	52688
2517	19180
1522	53419
837	25574
2563	44470
1607	58152
692	55447
1492	62913
1336	14554
1451	26223
791	7208
2186	14595
1207	20214
1138	15380
888	14565
593	34949
1007	19062
867	12061
95	27198
1594	21786
1073	11028
2303	15620
1890	34389
283	13398
516	61266
1143	50675
2527	55260
1868	53757
2309	15345
1025	50621
914	11853
1544	8379
2303	28431
1519	17415
1028	26913
1317	4701
2019	62683
1011	21272
2437	6958
810	43330
238	44328
178	23036
956	1626
942	16381
69	12154
733	32111
1268	15841
703	12263
1810	53399
755	17037
2553	18271
30	62918
1130	44550
1163	18970
2563	17380
203	9786
2246	28530
1111	29703
1849	14321
369	60565
1426	11975
814	23844
1116	60118
1483	50642
149	60267
1180	18705
1234	12642
1996	40619
2262	13380
626	51609
2474	19592
1132	47433
1133	16835
584	25127
1218	45739
2614	26660
512	11042
1320	15156
2305	10059
1951	58099
2386	10564
1679	38001
1448	15735
1298	19158
1834	26019
584	11523
1997	25523
2219	8466
1953	26107
492	38780
441	10912
74	51641
1025	30990
2549	1151
2467	9802
631	30952
701	30936
1223	8479
814	13799
335	19224
1474	58256
101	21928
1591	40852
498	57721
817	30165
2276	1877
513	21851
385	26759
1594	30450
826	30351
1044	34047
192	13744
46	54596
1442	62882
2533	60784
627	25771
1750	12964
1821	53275
1901	10507
942	13830
763	25655
386	61111
1616	23708
2424	26785
1990	50895
2490	11134
1817	27315
844	51090
2193	18279
1677	27776
67	20322
1094	34708
883	29969
668	11223
1329	26708
2290	18400
1524	16845
922	5173
1235	60111
651	2512
853	7260
1966	13073
1289	38256
725	12742
768	26448
1229	11006
1456	48064
144	20704
1236	63369
1059	39919
446	37628
2122	12894
2159	41288
334	17280
1161	22454
1424	30906
1057	31053
1136	7513
1001	23835
246	23500
1707	19926
1458	11210
2285	12603
2533	22278
1828	29277
1335	14213
1665	11275
685	42234
143	24182
1963	26608
2518	30747
959	295
1622	16547
1487	60153
1621	1825
1164	45889
1066	21453
95	1047
899	20194
256	11663
2581	23578
1321	101
456	59601
547	20149
1313	63494
2310	25211
1419	32611
1959	35791
2467	24083
789	26050
1686	17369
1493	14123
2524	15400
1873	26331
515	57630
521	14632
2040	25210
2395	26463
608	28961
530	22680
1691	24972
2380	39384
1347	37631
1855	55598
810	14140
2574	19840
1490	12871
2408	31742
1587	23800
846	57653
231	819
2581	58077
85	21842
1188	53022
2401	50885
1265	46096
613	1818
1622	55253
2375	28041
1811	1033
610	10890
2388	59797
872	2834
1335	45741
258	29415
11	46616
1114	18013
314	38076
2615	1283
499	62889
366	35315
2167	24776
976	31754
2429	61312
1954	27538
2413	63120
1750	14067
2045	55313
732	17084
2533	18136
2538	27667
831	63149
1311	19465
1055	4066
2256	22756
1171	36798
1091	57684
1530	23431
788	15253
992	14749
2126	35665
2527	14467
2298	30689
2519	25395
2369	24983
1480	38661
2486	54050
193	26609
1409	22928
2046	7071
659	29184
912	9669
2446	18510
1176	51230
1288	45648
2466	58131
47	12716
2231	51629
1819	56333
1865	19799
1208	2912
112	18550
485	22699
810	31309
919	31888
1389	17730
2285	3113
1936	3078
1612	50550
903	25436
976	47238
2568	25353
1792	56675
2022	18326
2563	21082
2060	37987
7	58885
1445	12505
921	16613
1815	54076
2073	1517
415	49343
1760	23889
1187	118
1129	21902
1329	20343
1050	34331
39	2563
2604	25814
480	42834
2500	34733
1706	3876
1755	41814
2467	28207
2273	10744
2374	29277
689	29227
10	26207
1550	32303
2010	23315
195	18730
1424	47311
1836	1195
1716	22493
356	3205
1023	22731
635	11242
2572	33669
2277	54463
1433	60506
271	18398
2096	40797
1217	26178
2358	12684
1334	10773
720	33680
2368	63943
2349	39736
797	3128
263	2657
546	62331
1367	13063
1833	58802
302	6454
1849	22463
976	44494
2436	61835
432	22470
1205	14294
1923	13622
815	18149
2596	17592
2341	11482
1104	44246
1376	49864
1871	14016
1341	31949
1030	27870
2458	46644
1176	21730
1048	16762
991	28184
2107	55363
160	29067
2098	20236
2316	52986
250	191
2278	18076
485	48282
640	61686
1735	22251
1120	15368
1650	29140
730	27013
1876	27533
2598	39695
2344	53752
531	52292
66	14340
304	23632
1712	27270
2216	28828
1541	10645
72	12227
2320	21956
1433	6714
2498	37872
2185	20657
66	52479
1388	16234
1545	16240
2266	28831
2375	2054
384	21463
1305	43350
1966	10784
2276	10535
1990	55879
25	16350
375	17140
1912	40183
1388	25134
1912	43294
1963	23065
1909	24847
1031	24004
2581	9803
638	17927
1068	20020
2077	8714
1775	46066
645	31806
1268	8434
1438	8468
999	5983
2086	29605
584	27267
272	2219
842	44986
2273	1979
1439	44214
1747	1410
1801	51514
434	28876
79	48134
832	57312
1095	62823
1106	5042
1950	48485
668	14634
466	15242
553	3557
1142	63354
2505	25637
1396	14910
164	27764
1360	9058
2315	36620
1217	5209
920	31057
1734	2457
1310	59133
610	14395
364	53040
1591	4693
2363	11551
1370	59393
1528	51994
1543	25994
1551	13263
1647	17391
1308	18857
1568	51697
593	31335
1425	62363
1738	27460
994	48069
690	26049
1138	3387
832	35703
360	18611
1409	11204
1555	28296
1938	26578
2320	261
141	14825
1534	12241
2490	11180
17	44402
1037	24364
2058	31220
921	3143
1707	28069
1409	16969
1709	41718
1904	38863
1172	52678
1071	17301
2138	42143
1923	18031
300	19965
406	17124
1108	56225
1541	51419
1502	21733
2424	60042
95	22605
1701	56597
952	24171
963	31921
514	12890
1308	10146
1290	19414
1995	13
757	13583
1147	57457
378	33724
867	42204
2479	30326
729	28509
1451	23335
732	13830
322	9291
709	55424
1714	19199
2021	23137
557	30190
1390	12627
2370	26879
1229	44056
636	58687
1973	14676
132	28758
1726	22188
1588	30318
1062	44090
1966	1544
1414	52634
1500	56310
2275	58021
2261	59648
712	14814
588	2938
1581	46628
789	38148
2212	21032
1515	23709
1238	13843
113	16964
422	21087
1230	25907
1129	49363
106	24811
426	47175
2556	17154
1832	31092
1419	31404
2480	46437
1954	60370
898	31828
1767	36751
1828	10586
512	12093
721	59825
584	21488
73	12959
1152	30195
1664	11258
131	11758
2026	63377
1771	24039
1318	26403
1913	25429
865	17511
474	62941
1537	30748
1640	23976
2125	26483
2493	24897
770	8744
1288	14999
1973	7563
1936	3095
2542	3192
2006	60624
1048	17313
308	2805
2359	4493
1550	42534
2578	22305
1907	58938
1612	13908
1834	43175
72	39335
2392	2414
409	10016
2178	20642
455	11543
1123	18833
1710	53908
1837	23223
1796	55719
1792	13262
265	30002
1541	6874
792	21693
488	4663
1159	14730
181	63305
1437	20740
1090	31902
405	27983
1182	32601
351	24352
1711	13129
2028	4262
719	6891
956	58485
1042	57483
1587	35803
1390	9119
1799	25640
1807	24084
2308	2552
1070	22163
633	5563
1672	11173
375	13502
2183	46750
6	38997
1399	24897
1591	9466
1020	44845
753	39092
1322	27651
1528	54369
1373	5118
1498	16948
1331	15657
95	17315
619	18709
845	30447
698	3616
1023	16644
1545	11166
1162	62809
860	25847
691	57444
2042	10708
770	42893
123	1829
2534	13949
2055	54226
1574	27843
1699	5356
256	859
2300	28437
379	23228
982	53363
1325	18372
570	15455
2604	22725
1936	15311
19	58009
2113	16129
1102	179
2052	11268
2073	14374
1681	58759
289	53508
728	34234
1421	1566
538	61585
1953	55055
570	43088
1780	37571
2412	44836
805	35236
1748	16635
435	15827
994	17041
223	27368
1448	19209
1891	34941
1731	59130
1438	1796
1975	17397
1489	10778
1339	27060
341	16687
1919	1052
1234	18255
2099	30372
2379	17780
309	17077
2555	48619
1388	20358
1755	18136
211	39931
624	45616
300	30546
486	52628
2463	32695
947	31783
1964	56281
2293	7597
2415	48138
531	28381
1944	1750
2317	58407
124	10483
1338	15839
1612	62192
1966	8524
2309	51748
2418	9846
392	31037
1709	45899
1090	12732
1532	33140
1356	10778
1270	2616
1932	29274
2399	6003
625	22467
1936	10632
908	13431
1706	22074
72	29386
1740	5315
1557	16390
1388	29715
1947	10333
1369	51676
761	22910
1545	21209
1302	14952
1592	45959
2193	11081
1809	1237
1678	4807
1602	23845
1386	27405
157	16264
1908	45269
2383	13223
556	13359
1990	10007
1489	1472
1365	54028
1973	55802
1489	19813
955	12515
1010	37839
562	1043
388	28914
857	26966
434	21437
30	27497
1724	16722
2039	21551
243	13102
2141	22382
570	60742
539	10578
291	30287
1953	1459
1953	13790
1940	29335
19	33793
1293	57866
1471	12302
2332	14778
1837	21823
438	57520
1876	27116
2221	60908
2286	11963
1348	21618
788	30456
1382	53775
164	60577
2318	13064
2489	9939
1634	33758
97	13730
1020	37816
910	1557
524	20542
399	11813
306	24422
1805	22048
1460	18434
1427	11359
798	55705
1047	12270
1484	2046
1395	32457
1422	13322
1404	55371
1036	12006
2498	31743
1065	33082
62	22640
2460	27615
748	2050
2568	17171
2144	22973
1512	20140
2351	30150
2362	51750
323	20420
1846	10387
775	29305
1378	30879
587	21128
1665	3418
1848	52886
1947	14936
521	22608
19	18752
1698	28908
642	55492
1340	53973
2269	32137
2400	31493
1092	12464
1241	53786
1163	31648
2102	720
1509	24890
261	57247
2132	27508
1571	18777
2421	26315
1266	34770
2509	1509
285	15320
147	13221
468	38390
285	12989
755	24493
1329	16306
774	23238
2299	42242
2021	27550
1372	37647
1442	35337
2188	1580
1022	50160
1605	60417
2142	28434
1089	21649
93	3630
2434	28891
1832	144
842	7509
1046	42192
1397	17566
1764	10448
232	14393
1176	48141
621	43804
1156	15938
1148	13121
1205	49990
2080	25394
2077	11608
845	25918
629	39503
2209	45772
2304	25684
1134	16
340	37787
1847	60168
2613	29933
566	48837
95	13903
566	35892
2502	21135
2298	63027
365	19738
820	9595
689	12112
1678	25201
1729	11850
2477	51583
2601	24165
558	50167
1798	20350
1341	1832
1539	61590
2092	13143
834	53543
1124	39107
257	22575
1714	22065
919	24285
1713	46144
2110	27273
2467	2583
1678	17346
1694	20944
2484	22939
1724	18376
1987	24344
2206	38030
949	46043
5	12443
750	16435
921	28278
1557	31477
2275	2186
95	25978
1129	40283
2244	6025
1717	23654
254	32386
2113	30419
863	7066
876	10603
111	29191
2211	180
2083	49417
752	59002
2267	18319
1936	6400
1536	20480
94	27593
1430	17854
1324	36549
726	12985
2168	10690
843	2686
799	30108
298	54631
994	26011
555	62877
2053	2517
937	14499
1298	466
1707	19947
957	48028
1747	10797
1488	1852
1372	22503
593	24315
1920	38545
2563	28449
2531	27218
1165	11001
2546	50971
2250	28761
2040	30349
408	10637
1065	38879
61	29989
1439	63399
2144	13815
175	22137
1032	22510
1351	2058
544	30004
1243	61156
1481	11043
1611	31342
1238	18541
1201	22174
2294	24728
1593	44182
2140	23907
879	27978
247	25
414	47032
892	62873
1006	12634
1774	1529
829	27463
2332	8468
282	31052
709	63398
2505	39606
944	1766
1857	17744
1747	3098
1197	8831
310	30308
1577	22984
1722	22325
2348	25910
2166	25417
935	2308
1451	17799
1503	22121
905	39230
2212	18910
1332	2838
1403	18587
1190	28866
609	26246
1476	7222
884	23392
2514	26672
311	21298
714	31257
431	742
1276	50922
1212	27781
1789	10934
1659	11170
1913	39706
842	37892
1159	25870
1765	24185
1747	23495
349	20189
775	52433
1404	62555
776	13722
1699	58829
2475	7522
810	53302
1214	22071
1049	11426
2118	20385
1227	24211
103	15568
363	42372
592	57125
690	23250
2520	25635
898	16724
1755	58305
2071	9396
465	2528
1447	62583
1727	16230
1722	11802
2314	13937
2230	44644
1398	54796
61	26465
1068	13705
1542	24884
2284	23389
1042	52367
869	6334
1822	43516
387	12772
735	30780
2405	17782
1037	56967
1351	25888
1665	19507
1794	59808
2116	36174
112	13871
532	6351
1302	6148
1057	21049
280	36053
2139	31209
1909	11956
99	55136
707	10972
535	16218
947	10794
492	13678
1706	60477
1977	28385
2294	29326
1484	12821
1677	33670
1421	10602
22	36546
1215	15365
706	24305
640	63017
2549	30400
1642	28133
1674	2201
849	11111
1026	11638
1556	36815
1545	39860
525	27688
639	31456
522	18640
1421	14442
543	55113
2289	49771
2349	17292
1301	57240
1509	27923
231	4140
567	15775
827	19614
290	54001
2009	56709
997	33309
2456	27453
1606	29525
1512	30753
331	28177
2084	12366
2210	14456
2222	28616
1834	48006
445	18696
2282	23081
1507	35562
139	46128
1417	60173
1409	24610
1600	29289
107	19496
2490	27234
1389	29443
1262	40043
1534	22468
1020	29242
1322	6741
1057	24261
19	34274
41	13005
1671	24560
1668	49704
1963	15382
997	28685
55	18657
502	13508
658	35230
2530	13864
301	28332
80	22948
1576	10785
827	15295
221	1129
556	23955
1352	31635
729	17347
1439	20602
630	23312
1755	4349
41	2177
413	57486
1812	35580
288	58317
870	18744
5	43727
1620	1181
366	43796
1717	4466
1793	27387
1542	18107
1235	11954
1421	63082
356	45288
1832	27050
1487	48928
2387	15157
681	19513
1230	17973
1348	43906
1978	1322
1512	2830
463	7628
668	32758
1124	53879
24	11163
858	33050
1205	25529
806	12503
2366	45518
1741	31493
1329	9911
1152	15379
749	12042
1315	13947
986	21558
587	22384
1068	1268
933	2523
1238	16351
1487	4615
2540	32585
1596	29836
1409	24639
2219	28074
1868	1470
1228	60783
57	10170
1471	19355
433	14974
2460	16931
790	1983
1166	1899
2105	7265
1385	61391
1481	39413
1627	46612
1978	24348
253	25637
372	1440
993	10195
2432	19864
2524	29449
221	24279
1080	16610
595	11461
1977	20626
99	62996
1480	47708
1191	31666
392	29702
521	6191
264	38561
1690	15252
818	37702
1287	20231
246	10560
2277	3187
208	20043
2538	53970
2579	22282
1560	8133
2275	29895
1543	35170
1813	15125
634	54301
2501	12710
439	19107
1001	14795
1541	55613
1552	18237
2594	22338
784	51252
28	17772
775	30230
2414	12455
1903	18266
1516	11847
2546	55477
331	24035
290	38275
746	30817
930	47502
1988	12072
1481	23544
2064	45844
1031	24384
857	61094
82	8561
1204	12926
2062	17947
1646	30169
1001	19833
1432	23262
1857	26818
458	45999
839	7397
473	38268
1834	33731
19	2730
1419	12780
2538	2244
157	20275
1963	24754
2190	12603
2579	1284
572	24684
1195	20496
1302	10654
1640	57396
1830	7089
1792	21779
1386	32708
696	7548
1171	29790
1993	44280
72	8154
1763	12739
26	18205
107	12268
1324	57750
243	21639
2194	21128
1617	9657
1874	22516
604	44179
51	6381
1913	36900
1954	31882
523	2432
384	28323
590	11081
490	27018
1962	31327
670	11215
2367	26184
612	3953
934	32858
1078	29283
496	52389
399	30937
2276	29530
2311	30101
2442	46369
475	17718
2023	22068
1896	12683
1475	53867
1745	21060
1860	2875
1724	19304
1600	43717
848	46097
2614	2042
1541	2703
2571	49818
1365	53900
2427	27412
490	18559
864	26115
1918	61241
258	18619
266	31582
2104	14219
1008	39221
1780	12568
1284	12753
2403	12007
2265	29506
2002	10796
1139	8310
1331	23522
1394	28709
1173	15111
127	22178
1819	53890
2190	3113
1534	26047
1180	31138
259	1249
978	40215
1735	28205
451	27661
2188	28116
1301	43129
1179	32843
1380	17713
2222	12076
2504	11556
1213	23646
1554	26143
2264	26626
1133	4376
2406	57624
811	27456
504	29640
2194	22384
1255	35874
271	16957
996	14659
1684	40907
251	11640
2355	44385
154	29920
337	23625
1699	12129
1266	24524
554	16147
2351	34984
1905	16799
1485	31277
2302	56630
0	16627
2033	2081
1212	31743
1498	17510
2043	55421
925	23616
1746	21028
1622	44858
1757	50814
508	18446
2096	59375
2524	19667
230	18655
2498	18328
950	31237
428	166
2127	3148
800	5712
1182	30399
2108	15425
1097	14081
2284	30790
960	27440
2524	18563
1873	21014
1359	18976
955	46237
2506	13968
2422	18275
1271	29295
2007	41632
1722	1660
607	57440
1525	28227
927	14371
1856	4247
2005	27470
2335	21491
2189	11597
126	60281
1139	16087
2240	23040
449	20529
845	17334
361	14310
1302	36350
24	31559
1587	2389
1261	29268
1798	28337
860	17187
1518	2706
2338	18727
645	24966
1397	60985
1283	26280
1068	27230
317	15066
1069	28206
420	14348
365	18297
837	29677
2208	28180
1089	11596
662	23539
228	49923
1980	37320
1541	612
2146	19626
1307	4810
1439	30305
1168	17874
2161	30940
590	18279
1129	20547
2215	57572
969	23725
1495	19971
1747	30070
1469	50112
430	16666
524	15199
1114	15860
1302	44070
779	62614
1095	45479
1028	3797
1985	46030
1298	8237
1359	22614
1619	13877
2458	13888
1722	29255
596	38518
1287	17043
2241	23981
1449	35388
2549	23189
38	60342
1915	21460
1966	17823
256	3091
921	27146
1045	28620
1474	53781
1678	841
490	17714
664	31981
1760	5405
1259	26088
1048	23676
1532	11971
1619	21803
614	59656
269	18800
994	16972
1332	101
1007	23572
1480	25876
970	27511
1359	46665
687	32699
184	59823
1937	21237
2374	18629
915	63778
2245	63386
2029	17066
2199	35169
2016	41230
80	25622
981	21107
2457	16366
582	27830
1217	135
391	22014
1397	23579
1695	49622
1491	6485
970	28534
1990	30126
1882	8112
71	37725
2309	10747
275	22760
1323	15632
1815	27181
849	36567
1654	28136
125	16604
2271	13736
1235	17151
2188	19786
1203	40316
1899	20733
746	35470
1876	31043
269	58907
2552	9014
569	18345
1765	31531
82	59840
449	19747
2507	1001
1278	7574
72	13770
365	23721
2351	31372
2528	32033
1723	24184
1279	20663
1910	49744
1737	14136
1321	13649
716	23207
843	55691
305	27202
1409	42462
710	22840
1162	21036
2017	46025
1338	15108
455	18176
124	7424
1356	1472
1383	16205
2101	4650
659	2870
1681	17247
1354	6969
509	10226
676	30721
1560	15627
1990	28531
1439	14454
1323	27426
1451	21606
1429	54035
1485	57132
1679	4673
994	21177
552	19174
860	29623
871	16357
2226	18615
1752	241
2557	22286
372	7117
1213	52703
1392	13515
1305	27582
488	12481
1521	18278
1175	58033
952	13727
1681	28733
95	24387
566	30056
416	24209
1133	13989
1857	19488
1764	24525
1667	28668
986	21423
1067	11407
1419	12700
487	11329
162	9765
1718	28957
888	20498
304	28022
1041	43229
2147	10194
2003	60387
2433	27822
2130	6665
531	31636
2415	44655
2163	33975
577	2602
1230	8699
1390	1856
1138	7505
1883	19441
1682	20705
1235	23702
1005	2004
164	1800
2188	13754
2581	27113
1770	24414
647	43833
1221	20528
99	41263
951	29376
1133	19732
2141	11515
942	22732
2188	7012
2051	47504
877	54770
2032	29658
358	5562
120	45055
1780	31855
351	30406
584	17316
694	13336
301	46607
268	26881
630	21623
126	29469
2298	21599
91	15971
1417	19775
1332	16132
718	17039
251	51929
2533	1694
2503	45723
1287	31985
1352	30368
2543	41094
19	19951
2329	31020
1913	20418
2235	15454
1707	1997
911	40808
1188	12240
15	3190
1102	9194
1460	47552
609	17518
1677	28048
390	34301
1038	53178
450	28005
778	14931
2303	30350
75	17864
524	35593
1705	27283
873	21816
907	28847
2270	34934
299	56306
1481	43980
1589	62001
858	38121
2162	31093
1238	2609
1645	2577
1706	58241
1443	49977
2525	27048
402	24481
715	9108
1129	30685
1534	21282
357	39884
705	13715
620	36917
368	42327
1419	18430
1400	11331
2614	15513
832	47949
1020	37003
1780	20974
442	26466
2080	24519
1707	24454
625	38456
1112	33222
1612	15003
1302	48988
84	2868
1070	35537
1522	12758
455	7307
280	23081
1160	30352
2034	10258
82	3887
1131	44526
1310	62292
1242	54636
1555	24333
2549	37358
1780	8226
387	16853
2203	58524
351	15303
837	29561
979	62736
2606	12390
2427	22516
19	11264
2416	60251
1826	13482
1204	300
2375	2467
1441	16386
1504	62677
2366	20583
837	16543
1534	35103
2563	45435
2605	2380
1923	26653
2103	50197
1545	16601
1222	17149
1326	39316
2411	13108
1753	14365
667	9709
1236	2413
116	42297
1572	29354
1610	16511
1610	58055
273	10788
1159	29988
619	10805
2593	12897
438	19948
2188	14775
1639	7206
1793	47845
1317	1907
1409	2153
1658	25007
1202	40475
2327	18320
1311	23488
1815	57159
810	59040
2495	61354
37	11908
2169	6742
1573	53768
1423	15350
1121	20985
1996	29748
1419	28902
1578	23939
1123	15213
298	7103
2426	52089
530	14527
686	42489
2004	4107
1997	46686
932	55845
846	39896
260	50530
2068	52438
1929	30149
1545	41032
1535	10035
554	27110
1108	44357
2317	45507
1990	12267
107	3179
587	27857
923	28935
2303	22087
1534	32928
1384	18609
70	38838
384	15250
1439	60614
1294	2329
1678	45647
58	37918
644	31401
531	3304
2287	14331
1263	2681
1133	14619
1120	14114
2441	50751
1863	1621
814	19807
1192	55562
1941	19345
854	59013
1813	5535
2101	30493
1252	27555
732	16381
1409	27745
539	11229
970	31678
1807	38668
583	13320
1384	21552
1545	14528
1264	8072
2153	10998
1893	45743
1160	30949
2391	29758
832	16981
2100	16522
1403	22998
249	13127
722	23854
1826	11574
1331	21922
447	14651
1158	31984
282	22952
1388	16337
1360	11549
1381	47050
670	2835
763	37838
1909	19919
1689	15842
166	52163
1235	2066
178	23243
876	50041
26	54864
2518	1082
1033	3849
226	11556
65	41516
1750	22090
2549	21744
1657	11076
1772	13051
563	18926
659	34018
86	20055
1803	21365
168	41823
2226	28740
1584	28111
1474	5717
1363	26840
1428	51759
750	20967
1750	3330
519	50886
2372	27585
825	41560
2459	9402
1954	63847
1546	13481
1407	24023
1953	17648
2515	41656
1268	16473
1122	22890
1680	17038
1435	53218
1182	11362
433	17320
1916	27784
1578	21476
1532	14381
1665	21236
2489	28636
1982	42818
986	16748
2579	43401
1135	28892
2577	21929
697	46009
842	29504
1377	50973
646	42946
1458	13975
1748	29134
1702	28510
2025	14305
384	56300
1892	46250
625	30677
1913	47532
2277	15845
2002	12256
227	60537
1065	25396
1992	62382
17	35922
1644	19778
2226	10856
420	16431
959	12426
2219	22006
1752	19889
1180	10641
632	17250
853	13559
2111	27532
136	25415
1480	39812
958	29082
1564	14799
32	61220
2367	22118
466	1753
137	24673
1907	7419
745	41147
956	12558
2301	50407
2087	44956
2114	640
1580	63271
1982	18057
1494	34871
2207	56141
2443	50755
2362	12060
1012	41841
2421	753
19	21223
1850	43054
721	62901
1525	31396
1802	28547
1764	18026
2181	23684
298	2914
1358	31519
184	26884
2277	28690
1361	26389
441	39342
995	24050
1322	31822
1480	17231
2306	24599
1532	18373
2320	5341
147	17682
45	19262
1356	19813
746	11508
2263	1848
1129	21614
1636	11068
1585	6091
2028	23440
997	31614
2381	15249
1818	7386
971	16714
537	25824
2611	15730
2248	56285
1826	30836
1573	30121
24	32476
956	20499
797	45911
2246	30130
2050	18987
2403	9731
735	26633
107	33199
1888	40666
1718	32654
1214	2064
2375	52227
1326	48165
915	13443
2204	25042
1773	1794
1500	38615
2	21187
2508	62942
1534	11256
1834	16776
1936	51490
2581	11030
1747	18896
688	21830
1737	59924
1662	42565
2512	46130
1041	48370
2008	9829
387	9000
2372	932
1425	12875
963	27232
1707	20303
2429	22625
49	19397
1605	27703
1120	61868
1146	15622
900	53261
1786	256
56	19504
449	33238
1072	14104
1595	29811
2176	4633
969	16558
2428	47874
1621	16277
2177	28067
1529	27863
1256	45010
2386	5774
1971	19201
1100	55482
944	16348
1162	14732
300	26481
1488	26575
2275	61335
1298	25507
457	56739
653	16443
86	44630
2198	37168
648	21696
360	10265
1478	57310
581	21047
19	27684
1478	15095
1722	14240
1679	1376
805	27702
2487	42356
1179	25913
2236	21750
452	23825
1339	26886
1830	25298
1164	17056
1133	15801
621	41227
1691	10293
1828	49792
1355	10606
1155	9692
1621	30211
521	25737
10	16046
2253	24979
2396	11036
1027	18388
752	44504
1314	41811
845	13769
2235	29897
1560	14915
1648	50898
832	42380
1917	13602
819	37877
1960	13974
1668	26082
798	48928
343	33096
95	3210
1556	63610
1437	12441
786	9358
1419	25767
1465	51643
31	28931
512	16224
1212	3228
2268	15204
1543	29603
2533	5879
1454	23079
1302	2013
2065	24961
1771	19885
9	35567
2398	38582
2460	940
972	44334
18	41055
2229	19182
199	48998
1039	43371
2526	42858
188	19241
1258	59925
1629	31147
1531	23070
1747	22549
51	10872
2581	30533
1832	44162
783	16258
1092	16420
171	49002
1975	23672
2039	18616
288	538
95	17325
1943	31572
1564	1045
1252	27004
107	29313
365	24268
566	22434
288	20657
681	24472
317	5616
75	25703
499	43124
939	19697
1534	14197
475	24530
282	20396
2527	30655
2320	30053
1373	9164
2464	37102
1324	19024
2155	31430
1523	5033
1387	25484
997	2968
448	28005
207	6853
1903	28909
95	50310
1780	4275
1747	31695
458	36845
1973	2856
121	17433
949	14517
765	3412
1292	7528
931	43366
556	35137
2522	12433
2537	49843
2336	31706
291	4332
1679	26007
1171	48629
739	24483
1298	3136
2449	30020
2614	11727
1469	59069
572	27652
588	6128
1261	25504
480	47943
1176	17922
1835	40747
1347	44336
1689	11046
971	17079
1543	19718
1790	49828
2579	15862
143	28064
2208	16366
277	32041
1953	24183
1386	29479
1953	20274
1562	55149
845	10155
130	56580
40	43607
1348	17474
789	17578
203	12466
1974	30440
2117	63233
581	53129
19	19231
1815	13394
1462	57842
2186	11257
2490	24708
1768	34418
1133	27311
345	54693
1424	23224
1565	58156
770	10959
615	2629
2290	47386
1464	19269
566	27927
734	29250
2312	29125
1060	37291
2257	31130
785	51046
2115	26796
417	11746
762	32503
1811	42885
1167	25781
1723	31637
1477	28958
1814	51723
729	21029
853	26084
1853	17524
1530	27496
505	62246
2033	25924
1734	25386
2317	44825
2075	61263
699	51028
2332	42751
2132	26538
1129	12119
867	54843
1098	60270
1068	17214
803	17201
355	37114
506	59316
499	17509
1794	22136
294	59546
940	16731
1145	52285
890	25667
735	22565
651	63251
128	24343
2155	39984
1760	10150
1397	13183
1409	19684
1275	25692
1527	14162
1095	25320
632	2892
853	10574
108	23449
0	10247
1035	28054
2490	35233
751	7073
1678	53049
1598	23490
1193	12452
1329	12048
430	40579
2123	15377
1337	52789
710	16155
775	29695
1799	63051
183	60499
2579	1908
2480	51994
510	46906
98	58349
1954	18667
753	24296
31	47584
1456	19556
1975	28522
1799	21092
31	60744
1475	38337
559	10488
782	50143
2208	49500
1590	51528
1969	45386
2396	28322
1003	19954
1272	39447
684	18119
2018	32047
1349	56940
1543	18988
566	40954
670	13454
1467	11537
2195	17701
1454	17005
1603	26806
2041	13332
744	13461
1996	22931
2547	12969
102	52195
1062	56561
414	19479
2378	38980
2310	53793
2472	53563
2364	14781
1699	1348
2291	46694
1436	16971
1564	5320
924	3121
1122	24324
1133	24548
2233	25173
312	16017
2174	14995
1798	54449
1341	31146
1463	31661
843	28501
441	28619
2430	1866
108	23226
1889	1018
616	45401
1094	23141
262	42585
2290	44552
1421	59956
1293	50109
111	6020
1509	30922
2583	6975
810	31345
1715	12628
1834	11444
781	17407
1534	23240
377	27297
788	20318
600	28335
1902	26045
1362	1887
1014	58830
691	12341
999	12070
451	31696
642	15790
1380	13037
1855	52014
1711	19932
2301	10631
160	28791
2048	31299
639	41327
1573	26908
1705	27506
101	26672
1957	46319
752	57538
1090	49946
345	12896
1526	28546
566	62441
2063	21862
1199	102
2351	38593
1985	56813
1376	16753
775	22664
874	5265
643	52542
2597	1303
1253	25522
1040	45283
810	13074
170	15532
1674	41629
2420	19019
915	61959
1873	2488
2187	28005
1113	23330
1131	23257
2393	25538
1973	18453
2339	22852
1376	11385
901	21155
526	47498
1754	24271
931	37072
837	21161
1707	14012
808	30385
1395	21794
1977	16923
1998	25579
1152	2065
1073	23667
2153	52668
1454	19179
1587	45495
1672	20661
1744	46793
1416	19863
801	26445
775	15983
1196	20972
1311	20446
1610	21763
2372	23049
674	31359
1643	25741
2303	42693
1100	41113
826	24888
502	23586
20	14220
1085	18935
1436	26725
1643	30360
1184	36519
18	28404
2277	23836
903	19714
1545	25167
1602	19810
1981	24092
1048	52948
2241	27624
893	29502
2438	1467
1281	29697
1585	2361
779	2325
1612	1370
1826	50869
856	15940
2131	16902
1630	19466
1587	21212
1743	43549
1157	15238
1489	20027
1837	18734
1109	20550
1362	26545
2300	19278
1512	10635
2003	56662
2128	63486
178	29784
1792	52662
2355	6494
674	42517
1909	16883
2426	55552
1852	28867
1364	3924
2355	45980
964	28569
2469	57513
1168	17435
1717	24144
2103	40275
1884	48038
254	3284
390	47280
849	43943
2528	55244
1306	33390
1661	2188
2589	55239
1807	37301
653	14957
2439	30401
2488	14455
1072	10479
1339	23193
1620	5651
2422	59374
1223	13679
1909	15578
